
https://access.redhat.com/articles/524333

[root@lnxjump01 ~]# iostat -x 1 2
Linux 3.10.0-957.el7.x86_64 (lnxjump01)         05/11/2020      _x86_64_        (4 CPU)

avg-cpu:  %user   %nice %system %iowait  %steal   %idle
           0.38    0.00    0.44    0.18    0.00   99.01

Device:         rrqm/s   wrqm/s     r/s     w/s    rkB/s    wkB/s avgrq-sz avgqu-sz   await r_await w_await  svctm  %util
sda               0.01     3.18    8.62    1.35   203.72    20.59    44.99     0.01    0.91    0.83    1.43   0.60   0.60
sdb               0.00     0.07    1.61    0.01    62.11     0.33    76.84     0.00    1.72    1.70    3.38   1.07   0.17
scd0              0.00     0.00    0.00    0.00     0.00     0.00   114.22     0.00   26.33   26.33    0.00  20.33   0.00
dm-0              0.00     0.00    1.61    0.08    62.10     0.33    73.63     0.00    1.83    1.70    4.23   1.02   0.17
dm-1              0.00     0.00    8.60    4.37   202.72    19.92    34.33     0.01    1.07    0.82    1.55   0.46   0.60

avg-cpu:  %user   %nice %system %iowait  %steal   %idle
           0.00    0.00    0.00    0.00    0.00  100.00

Device:         rrqm/s   wrqm/s     r/s     w/s    rkB/s    wkB/s avgrq-sz avgqu-sz   await r_await w_await  svctm  %util
sda               0.00     0.00    0.00    0.00     0.00     0.00     0.00     0.00    0.00    0.00    0.00   0.00   0.00
sdb               0.00     0.00    0.00    0.00     0.00     0.00     0.00     0.00    0.00    0.00    0.00   0.00   0.00
scd0              0.00     0.00    0.00    0.00     0.00     0.00     0.00     0.00    0.00    0.00    0.00   0.00   0.00
dm-0              0.00     0.00    0.00    0.00     0.00     0.00     0.00     0.00    0.00    0.00    0.00   0.00   0.00
dm-1              0.00     0.00    0.00    0.00     0.00     0.00     0.00     0.00    0.00    0.00    0.00   0.00   0.00



[root@lnxjump01 ~]# iostat -xd 1 2
Linux 3.10.0-957.el7.x86_64 (lnxjump01)         05/11/2020      _x86_64_        (4 CPU)

Device:         rrqm/s   wrqm/s     r/s     w/s    rkB/s    wkB/s avgrq-sz avgqu-sz   await r_await w_await  svctm  %util
sda               0.01     3.18    8.62    1.35   203.69    20.59    44.99     0.01    0.91    0.83    1.43   0.60   0.60
sdb               0.00     0.07    1.61    0.01    62.10     0.33    76.84     0.00    1.72    1.70    3.38   1.07   0.17
scd0              0.00     0.00    0.00    0.00     0.00     0.00   114.22     0.00   26.33   26.33    0.00  20.33   0.00
dm-0              0.00     0.00    1.61    0.08    62.09     0.33    73.63     0.00    1.83    1.70    4.23   1.02   0.17
dm-1              0.00     0.00    8.60    4.37   202.68    19.92    34.33     0.01    1.07    0.82    1.55   0.46   0.60

Device:         rrqm/s   wrqm/s     r/s     w/s    rkB/s    wkB/s avgrq-sz avgqu-sz   await r_await w_await  svctm  %util
sda               0.00    11.00    0.00    3.00     0.00    56.00    37.33     0.00    1.33    0.00    1.33   0.67   0.20
sdb               0.00     0.00    0.00    0.00     0.00     0.00     0.00     0.00    0.00    0.00    0.00   0.00   0.00
scd0              0.00     0.00    0.00    0.00     0.00     0.00     0.00     0.00    0.00    0.00    0.00   0.00   0.00
dm-0              0.00     0.00    0.00    0.00     0.00     0.00     0.00     0.00    0.00    0.00    0.00   0.00   0.00
dm-1              0.00     0.00    0.00   14.00     0.00    56.00     8.00     0.00    0.29    0.00    0.29   0.14   0.20

[root@lnxjump01 ~]# iostat -xdh 1 2
Linux 3.10.0-957.el7.x86_64 (lnxjump01)         05/11/2020      _x86_64_        (4 CPU)

Device:         rrqm/s   wrqm/s     r/s     w/s    rkB/s    wkB/s avgrq-sz avgqu-sz   await r_await w_await  svctm  %util
sda
                  0.01     3.18    8.62    1.36   203.65    20.59    44.98     0.01    0.91    0.83    1.43   0.60   0.60
sdb
                  0.00     0.07    1.61    0.01    62.08     0.33    76.84     0.00    1.72    1.70    3.38   1.07   0.17
scd0
                  0.00     0.00    0.00    0.00     0.00     0.00   114.22     0.00   26.33   26.33    0.00  20.33   0.00
dm-0
                  0.00     0.00    1.61    0.08    62.08     0.33    73.63     0.00    1.83    1.70    4.23   1.02   0.17
dm-1
                  0.00     0.00    8.60    4.37   202.65    19.92    34.32     0.01    1.07    0.82    1.55   0.46   0.60

Device:         rrqm/s   wrqm/s     r/s     w/s    rkB/s    wkB/s avgrq-sz avgqu-sz   await r_await w_await  svctm  %util
sda
                  0.00     0.00    0.00    0.00     0.00     0.00     0.00     0.00    0.00    0.00    0.00   0.00   0.00
sdb
                  0.00     0.00    0.00    0.00     0.00     0.00     0.00     0.00    0.00    0.00    0.00   0.00   0.00
scd0
                  0.00     0.00    0.00    0.00     0.00     0.00     0.00     0.00    0.00    0.00    0.00   0.00   0.00
dm-0
                  0.00     0.00    0.00    0.00     0.00     0.00     0.00     0.00    0.00    0.00    0.00   0.00   0.00
dm-1
                  0.00     0.00    0.00    0.00     0.00     0.00     0.00     0.00    0.00    0.00    0.00   0.00   0.00


[root@lnxjump01 ~]# iostat -xmd 1 2
Linux 3.10.0-957.el7.x86_64 (lnxjump01)         05/11/2020      _x86_64_        (4 CPU)

Device:         rrqm/s   wrqm/s     r/s     w/s    rMB/s    wMB/s avgrq-sz avgqu-sz   await r_await w_await  svctm  %util
sda               0.01     3.18    8.61    1.36     0.20     0.02    44.98     0.01    0.91    0.83    1.44   0.60   0.60
sdb               0.00     0.07    1.61    0.01     0.06     0.00    76.84     0.00    1.72    1.70    3.38   1.07   0.17
scd0              0.00     0.00    0.00    0.00     0.00     0.00   114.22     0.00   26.33   26.33    0.00  20.33   0.00
dm-0              0.00     0.00    1.61    0.08     0.06     0.00    73.63     0.00    1.83    1.70    4.23   1.02   0.17
dm-1              0.00     0.00    8.60    4.37     0.20     0.02    34.32     0.01    1.07    0.82    1.55   0.46   0.60

Device:         rrqm/s   wrqm/s     r/s     w/s    rMB/s    wMB/s avgrq-sz avgqu-sz   await r_await w_await  svctm  %util
sda               0.00     0.00    0.00    0.00     0.00     0.00     0.00     0.00    0.00    0.00    0.00   0.00   0.00
sdb               0.00     0.00    0.00    0.00     0.00     0.00     0.00     0.00    0.00    0.00    0.00   0.00   0.00
scd0              0.00     0.00    0.00    0.00     0.00     0.00     0.00     0.00    0.00    0.00    0.00   0.00   0.00
dm-0              0.00     0.00    0.00    0.00     0.00     0.00     0.00     0.00    0.00    0.00    0.00   0.00   0.00
dm-1              0.00     0.00    0.00    0.00     0.00     0.00     0.00     0.00    0.00    0.00    0.00   0.00   0.00



[root@lnxjump01 ~]# iostat -xkd 1 2
Linux 3.10.0-957.el7.x86_64 (lnxjump01)         05/11/2020      _x86_64_        (4 CPU)

Device:         rrqm/s   wrqm/s     r/s     w/s    rkB/s    wkB/s avgrq-sz avgqu-sz   await r_await w_await  svctm  %util
sda               0.01     3.18    8.61    1.36   203.57    20.59    44.98     0.01    0.91    0.83    1.44   0.60   0.60
sdb               0.00     0.07    1.61    0.01    62.06     0.33    76.84     0.00    1.72    1.70    3.38   1.07   0.17
scd0              0.00     0.00    0.00    0.00     0.00     0.00   114.22     0.00   26.33   26.33    0.00  20.33   0.00
dm-0              0.00     0.00    1.61    0.08    62.05     0.33    73.63     0.00    1.83    1.70    4.23   1.02   0.17
dm-1              0.00     0.00    8.60    4.37   202.57    19.92    34.32     0.01    1.07    0.82    1.55   0.46   0.60

Device:         rrqm/s   wrqm/s     r/s     w/s    rkB/s    wkB/s avgrq-sz avgqu-sz   await r_await w_await  svctm  %util
sda               0.00    12.00    0.00    2.00     0.00    56.00    56.00     0.00    0.50    0.00    0.50   0.50   0.10
sdb               0.00     0.00    0.00    0.00     0.00     0.00     0.00     0.00    0.00    0.00    0.00   0.00   0.00
scd0              0.00     0.00    0.00    0.00     0.00     0.00     0.00     0.00    0.00    0.00    0.00   0.00   0.00
dm-0              0.00     0.00    0.00    0.00     0.00     0.00     0.00     0.00    0.00    0.00    0.00   0.00   0.00
dm-1              0.00     0.00    0.00   14.00     0.00    56.00     8.00     0.00    0.07    0.00    0.07   0.07   0.10

[root@lnxjump01 ~]#


[root@lnxjump01 ~]# iostat -mdN 1 2
Linux 3.10.0-957.el7.x86_64 (lnxjump01)         05/11/2020      _x86_64_        (4 CPU)

Device:            tps    MB_read/s    MB_wrtn/s    MB_read    MB_wrtn
sda               9.97         0.20         0.02      56430       5708
sdb               1.62         0.06         0.00      17202         90
scd0              0.00         0.00         0.00          1          0
nmonvg-nmonlv     1.69         0.06         0.00      17201         90
VolGroup00-LogVol00    12.96         0.20         0.02      56152       5524

Device:            tps    MB_read/s    MB_wrtn/s    MB_read    MB_wrtn
sda               0.00         0.00         0.00          0          0
sdb               0.00         0.00         0.00          0          0
scd0              0.00         0.00         0.00          0          0
nmonvg-nmonlv     0.00         0.00         0.00          0          0
VolGroup00-LogVol00     0.00         0.00         0.00          0          0

[root@lnxjump01 ~]#


[root@lnxjump01 ~]# iostat -mxtd  1 2
Linux 3.10.0-957.el7.x86_64 (lnxjump01)         05/11/2020      _x86_64_        (4 CPU)

05/11/2020 10:51:10 PM
Device:         rrqm/s   wrqm/s     r/s     w/s    rMB/s    wMB/s avgrq-sz avgqu-sz   await r_await w_await  svctm  %util
sda               0.01     3.18    8.60    1.36     0.20     0.02    44.97     0.01    0.91    0.83    1.44   0.60   0.60
sdb               0.00     0.07    1.61    0.01     0.06     0.00    76.84     0.00    1.72    1.70    3.38   1.07   0.17
scd0              0.00     0.00    0.00    0.00     0.00     0.00   114.22     0.00   26.33   26.33    0.00  20.33   0.00
dm-0              0.00     0.00    1.61    0.08     0.06     0.00    73.63     0.00    1.83    1.70    4.23   1.02   0.17
dm-1              0.00     0.00    8.58    4.37     0.20     0.02    34.30     0.01    1.07    0.82    1.55   0.46   0.60

05/11/2020 10:51:11 PM
Device:         rrqm/s   wrqm/s     r/s     w/s    rMB/s    wMB/s avgrq-sz avgqu-sz   await r_await w_await  svctm  %util
sda               0.00     0.00    0.00    1.00     0.00     0.04    72.00     0.01    6.00    0.00    6.00   6.00   0.60
sdb               0.00     0.00    0.00    0.00     0.00     0.00     0.00     0.00    0.00    0.00    0.00   0.00   0.00
scd0              0.00     0.00    0.00    0.00     0.00     0.00     0.00     0.00    0.00    0.00    0.00   0.00   0.00
dm-0              0.00     0.00    0.00    0.00     0.00     0.00     0.00     0.00    0.00    0.00    0.00   0.00   0.00
dm-1              0.00     0.00    0.00    1.00     0.00     0.04    72.00     0.01    6.00    0.00    6.00   6.00   0.60

[root@lnxjump01 ~]#  iostat -xd -p /dev/sdb 1 2
Linux 3.10.0-957.el7.x86_64 (lnxjump01)         05/11/2020      _x86_64_        (4 CPU)

Device:         rrqm/s   wrqm/s     r/s     w/s    rkB/s    wkB/s avgrq-sz avgqu-sz   await r_await w_await  svctm  %util
sdb               0.00     0.07    1.61    0.01    61.89     0.33    76.84     0.00    1.72    1.70    3.38   1.07   0.17

Device:         rrqm/s   wrqm/s     r/s     w/s    rkB/s    wkB/s avgrq-sz avgqu-sz   await r_await w_await  svctm  %util
sdb               0.00     0.00    0.00    0.00     0.00     0.00     0.00     0.00    0.00    0.00    0.00   0.00   0.00


[root@lnxjump01 ~]#  iostat -xtmd -p /dev/sdb 1 2
Linux 3.10.0-957.el7.x86_64 (lnxjump01)         05/11/2020      _x86_64_        (4 CPU)

05/11/2020 10:56:37 PM
Device:         rrqm/s   wrqm/s     r/s     w/s    rMB/s    wMB/s avgrq-sz avgqu-sz   await r_await w_await  svctm  %util
sdb               0.00     0.07    1.61    0.01     0.06     0.00    76.84     0.00    1.72    1.70    3.38   1.07   0.17

05/11/2020 10:56:38 PM
Device:         rrqm/s   wrqm/s     r/s     w/s    rMB/s    wMB/s avgrq-sz avgqu-sz   await r_await w_await  svctm  %util
sdb               0.00     0.00    0.00    0.00     0.00     0.00     0.00     0.00    0.00    0.00    0.00   0.00   0.00



Physical system
===============

pc7w3503-dr:/dev/mapper # iostat -xdN  1 1
Linux 3.0.101-108.90-default (pc7w3503-dr)      05/11/20        _x86_64_

Device:         rrqm/s   wrqm/s     r/s     w/s   rsec/s   wsec/s avgrq-sz avgqu-sz   await  svctm  %util
sda               0.04     1.63    0.19    0.74     8.21    18.35    28.72     0.00    1.26   0.15   0.01
sdb               0.00     0.00    0.00    0.00     0.00     0.00     8.49     0.00    0.23   0.23   0.00
sdf               0.00     0.00    0.00    0.00     0.00     0.00     8.48     0.00    0.27   0.27   0.00
sdd               0.00     0.00    0.00    0.00     0.00     0.00     8.48     0.00    0.22   0.22   0.00
sdg               0.00     0.00    0.00    0.00     0.00     0.00     8.41     0.00    0.05   0.04   0.00
sdc               0.00     0.00    0.00    0.00     0.00     0.00     8.41     0.00    0.05   0.04   0.00
sde               0.00     0.00    0.00    0.00     0.00     0.00     8.41     0.00    0.04   0.04   0.00
sdr               0.00     0.00    0.00    0.00     0.00     0.00     8.41     0.00    0.09   0.09   0.00
sds               0.00     0.00    0.00    0.00     0.00     0.00     8.48     0.00    0.28   0.28   0.00
sdt               0.00     0.00    0.00    0.00     0.00     0.00     8.41     0.00    0.06   0.06   0.00
sdk               0.00     0.00    0.00    0.00     0.00     0.00     8.41     0.00    0.05   0.04   0.00
sdh               0.00     0.00    0.00    0.00     0.00     0.00     8.48     0.00    0.26   0.26   0.00
sdp               0.00     0.00    0.00    0.00     0.00     0.00     8.41     0.00    0.06   0.06   0.00
sdl               0.00     0.00    0.09    1.55    46.71  1767.76  1101.43     0.01    5.26   1.55   0.26
sdac              0.00     0.00    0.00    0.00     0.11     0.08   142.05     0.00    1.26   0.57   0.00
sdi               0.00     0.00    0.00    0.00     0.00     0.00     8.41     0.00    0.04   0.04   0.00
sdm               0.00     0.00    0.00    0.00     0.00     0.00     8.35     0.00    0.05   0.05   0.00
sdo               0.00     0.00    0.00    0.00     0.00     0.00     8.48     0.00    0.29   0.29   0.00
sdz               0.00     0.00    0.00    0.00     0.00     0.00     8.41     0.00    0.07   0.07   0.00
sdy               0.00     0.00    0.00    0.04     0.45     1.31    39.50     0.00    0.68   0.66   0.00
sdw               0.00     0.00    0.00    0.00     0.00     0.00     8.48     0.00    0.26   0.26   0.00
sdab              0.00     0.00    0.00    0.00     0.00     0.00     8.41     0.00    0.04   0.04   0.00
sdaa              0.00     0.00    0.00    0.00     0.00     0.00     8.48     0.00    0.28   0.28   0.00
sdj               0.00     0.00    0.00    0.00     0.00     0.00     8.48     0.00    0.30   0.29   0.00
sdu               0.00     0.00    3.67    0.16  6853.86   216.98  1847.09     0.20   51.10   2.41   0.92
sdv               0.00     0.00    0.00    0.00     0.00     0.00     8.41     0.00    0.04   0.04   0.00
sdae              0.00     0.00    0.00    0.00     0.00     0.00     8.41     0.00    0.04   0.04   0.00
sdag              0.00     0.00    0.00    0.00     0.00     0.00     8.19     0.00    0.06   0.06   0.00
sdad              0.00     0.00    0.00    0.00     0.00     0.00     8.48     0.00    0.23   0.23   0.00
sdx               0.00     0.00    0.00    0.00     0.00     0.00     8.41     0.00    0.06   0.06   0.00
sdaf              0.00     0.00    0.00    0.32     0.01   373.46  1149.25     0.00    2.22   2.22   0.07
sdq               0.00     0.00    0.00    0.00     0.21     0.41   368.44     0.00    1.45   0.99   0.00
sdak              0.00     0.00    0.00    0.00     0.00     0.00     8.41     0.00    0.03   0.03   0.00
sdah              0.00     0.00    0.00    0.00     0.00     0.00     8.59     0.00    0.25   0.25   0.00
sdai              0.00     0.00    0.00    0.00     0.00     0.00     8.41     0.00    0.04   0.04   0.00
sdn               0.00     0.00    0.00    0.00     0.00     0.00     8.41     0.00    0.03   0.03   0.00
sdao              0.00     0.00    0.00    0.00     0.00     0.00     8.41     0.00    0.04   0.04   0.00
sdal              0.00     0.00    0.00    0.00     0.00     0.00     8.59     0.00    0.23   0.23   0.00
sdba              0.00     0.00    3.66    0.16  6839.46   216.99  1847.07     0.20   51.22   2.42   0.92
sdar              0.00     0.00    0.09    1.54    46.71  1758.50  1107.19     0.01    5.64   1.59   0.26
sdaj              0.00     0.00    0.00    0.00     0.00     0.00     8.59     0.00    0.24   0.23   0.00
sdan              0.00     0.00    0.00    0.00     0.00     0.00     8.59     0.00    0.27   0.27   0.00
sdap              0.00     0.00    0.00    0.00     0.00     0.00     8.59     0.00    0.21   0.21   0.00
sday              0.00     0.00    0.00    0.00     0.00     0.00     8.59     0.00    0.28   0.28   0.00
sdam              0.00     0.00    0.00    0.00     0.00     0.00     8.41     0.00    0.05   0.05   0.00
sdaz              0.00     0.00    0.00    0.00     0.00     0.00     8.41     0.00    0.05   0.05   0.00
sdbb              0.00     0.00    0.00    0.00     0.00     0.00     8.41     0.00    0.04   0.04   0.00
sdaq              0.00     0.00    0.00    0.00     0.00     0.00     8.41     0.00    0.06   0.06   0.00
sdav              0.00     0.00    0.00    0.00     0.00     0.00     8.41     0.00    0.05   0.05   0.00
sdbd              0.00     0.00    0.00    0.00     0.00     0.00     8.41     0.00    0.06   0.06   0.00
sdas              0.00     0.00    0.00    0.00     0.00     0.00     8.35     0.00    0.04   0.04   0.00
sdau              0.00     0.00    0.00    0.00     0.00     0.00     8.59     0.00    0.26   0.26   0.00
sdbe              0.00     0.00    0.00    0.04     0.46     1.31    39.51     0.00    0.66   0.64   0.00
sdat              0.00     0.00    0.00    0.00     0.00     0.00     8.41     0.00    0.07   0.07   0.00
sdbc              0.00     0.00    0.00    0.00     0.00     0.00     8.49     0.00    0.25   0.25   0.00
sdaw              0.00     0.00    0.00    0.00     0.21     0.41   369.98     0.00    1.26   0.79   0.00
sdbf              0.00     0.00    0.00    0.00     0.00     0.00     8.41     0.00    0.04   0.04   0.00
sdbg              0.00     0.00    0.00    0.00     0.00     0.00     8.59     0.00    0.25   0.25   0.00
sdax              0.00     0.00    0.00    0.00     0.00     0.00     8.41     0.00    0.04   0.04   0.00
sdbi              0.00     0.00    0.00    0.00     0.11     0.08   143.38     0.00    1.25   0.60   0.00
sdbl              0.00     0.00    0.00    0.32     0.01   373.34  1148.87     0.00    2.21   2.21   0.07
sdbk              0.00     0.00    0.00    0.00     0.00     0.00     8.41     0.00    0.02   0.02   0.00
sdbq              0.00     0.00    0.00    0.00     0.00     0.00     8.41     0.00    0.07   0.06   0.00
sdbo              0.00     0.00    0.00    0.00     0.00     0.00     8.41     0.00    0.06   0.06   0.00
sdbn              0.00     0.00    0.00    0.00     0.00     0.00     8.60     0.00    0.26   0.26   0.00
sdbj              0.00     0.00    0.00    0.00     0.00     0.00     8.59     0.00    0.26   0.26   0.00
sdbm              0.00     0.00    0.00    0.00     0.00     0.00     8.35     0.00    0.03   0.03   0.00
sdbp              0.00     0.00    0.00    0.00     0.00     0.00     8.60     0.00    0.29   0.29   0.00
sdbu              0.00     0.00    0.00    0.00     0.00     0.00     8.25     0.00    0.05   0.05   0.00
sdbr              0.00     0.00    0.00    0.00     0.00     0.00     8.60     0.00    0.25   0.24   0.00
sdbh              0.00     0.00    0.00    0.00     0.00     0.00     8.41     0.00    0.07   0.07   0.00
sdbs              0.00     0.00    0.00    0.00     0.00     0.00     8.41     0.00    0.04   0.03   0.00
sdbv              0.00     0.00    0.00    0.00     0.00     0.00     8.60     0.00    0.26   0.26   0.00
sdbw              0.00     0.00    0.00    0.00     0.00     0.00     8.41     0.00    0.08   0.08   0.00
sdbx              0.00     0.00    0.09    1.56    46.71  1768.03  1100.30     0.01    5.23   1.53   0.25
sdbt              0.00     0.00    0.00    0.00     0.00     0.00     8.60     0.00    0.26   0.26   0.00
sdbz              0.00     0.00    0.00    0.00     0.00     0.00     8.41     0.00    0.06   0.06   0.00
sdby              0.00     0.00    0.00    0.00     0.00     0.00     8.35     0.00    0.04   0.04   0.00
sdcd              0.00     0.00    0.00    0.00     0.00     0.00     8.41     0.00    0.04   0.04   0.00
sdcc              0.00     0.00    0.00    0.00     0.21     0.41   366.33     0.00    1.44   0.97   0.00
sdcn              0.00     0.00    0.00    0.00     0.00     0.00     8.41     0.00    0.05   0.04   0.00
sdcf              0.00     0.00    0.00    0.00     0.00     0.00     8.41     0.00    0.08   0.08   0.00
sdce              0.00     0.00    0.00    0.00     0.00     0.00     8.51     0.00    0.30   0.30   0.00
sdck              0.00     0.00    0.00    0.04     0.44     1.31    39.16     0.00    0.69   0.67   0.00
sdcr              0.00     0.00    0.00    0.32     0.01   373.23  1148.52     0.00    2.24   2.24   0.07
sdcm              0.00     0.00    0.00    0.00     0.00     0.00     8.60     0.00    0.28   0.28   0.00
sdcs              0.00     0.00    0.00    0.00     0.00     0.00     8.35     0.00    0.09   0.09   0.00
sdct              0.00     0.00    0.00    0.00     0.00     0.00     8.53     0.00    0.25   0.25   0.00
sdcv              0.00     0.00    0.00    0.00     0.00     0.00     8.52     0.00    0.27   0.27   0.00
sdda              0.00     0.00    0.00    0.00     0.00     0.00     8.41     0.00    0.05   0.04   0.00
sdcw              0.00     0.00    0.00    0.00     0.00     0.00     8.41     0.00    0.05   0.05   0.00
sdcx              0.00     0.00    0.00    0.00     0.00     0.00     8.52     0.00    0.25   0.25   0.00
sddb              0.00     0.00    0.00    0.00     0.00     0.00     8.52     0.00    0.24   0.24   0.00
sdcz              0.00     0.00    0.00    0.00     0.00     0.00     8.52     0.00    0.27   0.26   0.00
sdcy              0.00     0.00    0.00    0.00     0.00     0.00     8.41     0.00    0.04   0.04   0.00
sdcu              0.00     0.00    0.00    0.00     0.00     0.00     8.41     0.00    0.03   0.03   0.00
sddc              0.00     0.00    0.00    0.00     0.00     0.00     8.25     0.00    0.06   0.06   0.00
sdde              0.00     0.00    0.00    0.00     0.00     0.00     8.35     0.00    0.06   0.06   0.00
sdci              0.00     0.00    0.00    0.00     0.00     0.00     8.60     0.00    0.27   0.27   0.00
sdcj              0.00     0.00    0.00    0.00     0.00     0.00     8.41     0.00    0.09   0.09   0.00
sdcg              0.00     0.00    3.67    0.16  6851.13   217.15  1846.59     0.20   51.10   2.41   0.92
sdca              0.00     0.00    0.00    0.00     0.00     0.00     8.60     0.00    0.26   0.26   0.00
sdch              0.00     0.00    0.00    0.00     0.00     0.00     8.41     0.00    0.04   0.04   0.00
sdco              0.00     0.00    0.00    0.00     0.11     0.08   139.89     0.00    1.33   0.61   0.00
sdcq              0.00     0.00    0.00    0.00     0.00     0.00     8.41     0.00    0.07   0.07   0.00
sddd              0.00     0.00    0.09    1.54    46.71  1758.60  1106.46     0.01    5.62   1.57   0.26
sdcb              0.00     0.00    0.00    0.00     0.00     0.00     8.41     0.00    0.04   0.04   0.00
sdcp              0.00     0.00    0.00    0.00     0.00     0.00     8.60     0.00    0.33   0.33   0.00
sddf              0.00     0.00    0.00    0.00     0.00     0.00     8.41     0.00    0.03   0.03   0.00
sdcl              0.00     0.00    0.00    0.00     0.00     0.00     8.41     0.00    0.06   0.06   0.00
sddh              0.00     0.00    0.00    0.00     0.00     0.00     8.41     0.00    0.04   0.04   0.00
sddj              0.00     0.00    0.00    0.00     0.00     0.00     8.40     0.00    0.12   0.12   0.00
sddm              0.00     0.00    3.66    0.16  6834.84   217.12  1847.15     0.20   51.26   2.42   0.92
sddg              0.00     0.00    0.00    0.00     0.00     0.00     8.52     0.00    0.26   0.26   0.00
sddq              0.00     0.00    0.00    0.04     0.44     1.31    39.18     0.00    0.65   0.64   0.00
sddt              0.00     0.00    0.00    0.00     0.00     0.00     8.40     0.00    0.11   0.11   0.00
sddk              0.00     0.00    0.00    0.00     0.01     0.00     8.49     0.00    0.29   0.29   0.00
sddl              0.00     0.00    0.00    0.00     0.00     0.00     8.40     0.00    0.12   0.12   0.00
sddn              0.00     0.00    0.00    0.00     0.00     0.00     8.40     0.00    0.13   0.13   0.00
sddi              0.00     0.00    0.00    0.00     0.21     0.41   368.03     0.00    1.28   0.80   0.00
sddo              0.00     0.00    0.00    0.00     0.01     0.00     8.49     0.00    0.25   0.25   0.00
sddx              0.00     0.00    0.00    0.32     0.01   373.61  1149.33     0.00    2.23   2.23   0.07
sddp              0.00     0.00    0.00    0.00     0.00     0.00     8.40     0.00    0.11   0.11   0.00
sddr              0.00     0.00    0.00    0.00     0.00     0.00     8.10     0.00    0.16   0.16   0.00
sddu              0.00     0.00    0.00    0.00     0.11     0.08   130.03     0.00    1.24   0.55   0.00
sddw              0.00     0.00    0.00    0.00     0.00     0.00     8.40     0.00    0.16   0.15   0.00
sddv              0.00     0.00    0.00    0.00     0.01     0.00     8.49     0.00    0.26   0.26   0.00
sdds              0.00     0.00    0.00    0.00     0.01     0.00     8.49     0.00    0.23   0.23   0.00
sddy              0.00     0.00    0.00    0.00     0.00     0.00     8.30     0.00    0.14   0.14   0.00
system-root       0.00     0.00    0.19    2.09     7.85    16.68    10.80     0.00    1.21   0.05   0.01
system-swap       0.00     0.00    0.04    0.21     0.34     1.67     8.00     0.00    9.00   0.07   0.00
PC7hanalog2-mnt00002     0.00     0.00    0.00    0.00     0.00     0.00     8.00     0.00    0.36   0.36   0.00
PC7hanalog1-mnt00001     0.00     0.00    0.00    0.00     0.00     0.00     8.00     0.00    0.35   0.35   0.00
PC7hanadata2-mnt00002     0.00     0.00    0.00    0.00     0.00     0.00     8.00     0.00    0.34   0.34   0.00
PC7hanadata1-mnt00001     0.00     0.00    0.00    0.00     0.00     0.00     8.00     0.00    0.37   0.37   0.00
SC7hanalog3-mnt00003     0.00     0.00    0.00    0.00     0.00     0.00     8.00     0.00    0.36   0.36   0.00
SC7hanalog2-mnt00002     0.00     0.00    0.00    0.00     0.00     0.00     8.00     0.00    0.35   0.35   0.00
SC7hanalog1-mnt00001     0.00     0.00    0.00    0.00     0.00     0.00     8.00     0.00    0.38   0.38   0.00
SC7hanadata3-mnt00003     0.00     0.00    0.00    0.00     0.00     0.00     8.00     0.00    0.35   0.35   0.00
SC7hanadata2-mnt00002     0.00     0.00    0.00    0.00     0.00     0.00     8.00     0.00    0.40   0.40   0.00
SC7hanadata1-mnt00001     0.00     0.00    0.00    0.00     0.00     0.00     8.00     0.00    0.37   0.37   0.00
36006016070504a0060ec1d5ecef7bbf9     0.00     0.00    0.00    0.00     0.01     0.00     8.74     0.00    0.30   0.30   0.00
36006016070504a00bfec1d5e9b541234     0.00     0.00    0.00    0.00     0.01     0.00     8.74     0.00    0.35   0.35   0.00
36006016070504a00a5f11d5eea392c95     0.00     8.23    0.37    6.19   186.81  7052.90  1104.06     0.04    5.69   0.55   0.36
36006016070504a00d0f31d5e1cee85ea     0.00     0.00    0.00    0.00     0.44     0.32   185.27     0.00    1.97   0.59   0.00
36006016070504a00fff11d5e117c3102     0.00     0.00    0.00    0.00     0.01     0.00     8.74     0.00    0.29   0.29   0.00
36006016070504a003df21d5e6081661e     0.00     0.00    0.00    0.00     0.01     0.00     8.74     0.00    0.30   0.30   0.00
36006016070504a008bf21d5e25572887     0.00     2.15    0.00    1.30     0.02  1493.64  1150.28     0.00    2.30   1.38   0.18
36006016070504a0021f31d5e49c092f1     0.00     0.00    0.00    0.00     0.83     1.64   458.93     0.00    2.21   0.63   0.00
36006016070504a0024ed1d5e1434c859     0.00     0.00    0.00    0.00     0.01     0.00     8.74     0.00    0.28   0.28   0.00
36006016070504a0072ed1d5ebd00b27e    41.17     1.14   14.67    0.62 27379.28   868.24  1847.15     0.99   64.94   0.64   0.98
36006016070504a00c0ed1d5e6f1711c2     0.00     0.00    0.00    0.00     0.01     0.00     8.74     0.00    0.30   0.30   0.00
36006016070504a001aee1d5e0acf3cf7     0.00     0.00    0.00    0.00     0.01     0.00     8.74     0.00    0.28   0.28   0.00
36006016070504a005eee1d5e9b8ade4f     0.00     0.00    0.00    0.00     0.01     0.00     8.74     0.00    0.30   0.30   0.00
36006016070504a00cfef1d5e35a1ac5f     0.00     0.00    0.00    0.17     1.78     5.25    39.59     0.00    0.72   0.64   0.01
36006016070504a0015f01d5e4fb8c1e8     0.00     0.00    0.00    0.00     0.01     0.00     8.74     0.00    0.29   0.29   0.00
36006016070504a0060f11d5e3a0c990b     0.00     0.00    0.00    0.00     0.01     0.00     8.74     0.00    0.30   0.30   0.00
PC7hanadata3-mnt00003     0.00     0.00    0.37   12.08   186.80  5855.39   485.49     0.09    6.84   0.22   0.28
PC7hanalog3-mnt00003     0.00     0.00    0.00    3.43     0.00  1485.54   433.46     0.01    3.02   0.52   0.18
SC7hanadata4-mnt00004     0.00     0.00   50.94    0.22 25297.13    81.37   496.05     0.27    5.34   0.16   0.82
SC7hanalog4-mnt00004     0.00     0.00    0.00    0.16     0.93     1.18    12.61     0.00    0.65   0.61   0.01


pc7w3503-dr:/dev/mapper # multipath -ll 36006016070504a0072ed1d5ebd00b27e
36006016070504a0072ed1d5ebd00b27e dm-27 DGC,VRAID
size=3.4T features='1 queue_if_no_path' hwhandler='1 emc' wp=rw
|-+- policy='service-time 0' prio=4 status=active
| |- 1:0:1:3  sdu  65:64  active ready running
| |- 2:0:1:3  sdba 67:64  active ready running
| |- 3:0:1:3  sdcg 69:64  active ready running
| `- 4:0:1:3  sddm 71:64  active ready running
`-+- policy='service-time 0' prio=1 status=enabled
  |- 1:0:0:3  sde  8:64   active ready running
  |- 2:0:0:3  sdak 66:64  active ready running
  |- 3:0:0:3  sdbq 68:64  active ready running
  `- 4:0:0:3  sdcw 70:64  active ready running


pc7w3503-dr:/dev/mapper # iostat -xdm -p sdu sdba sdcg sddm 1 2
Linux 3.0.101-108.90-default (pc7w3503-dr)      05/11/20        _x86_64_

Device:         rrqm/s   wrqm/s     r/s     w/s    rMB/s    wMB/s avgrq-sz avgqu-sz   await  svctm  %util
sdu               0.00     0.00    3.67    0.16     3.35     0.11  1847.09     0.20   51.10   2.41   0.92
sdba              0.00     0.00    3.66    0.16     3.34     0.11  1847.07     0.20   51.22   2.42   0.92
sdcg              0.00     0.00    3.67    0.16     3.34     0.11  1846.59     0.20   51.10   2.41   0.92
sddm              0.00     0.00    3.66    0.16     3.34     0.11  1847.15     0.20   51.26   2.42   0.92

Device:         rrqm/s   wrqm/s     r/s     w/s    rMB/s    wMB/s avgrq-sz avgqu-sz   await  svctm  %util
sdu               0.00     0.00    0.00    0.00     0.00     0.00     0.00     0.00    0.00   0.00   0.00
sdba              0.00     0.00    0.00    0.00     0.00     0.00     0.00     0.00    0.00   0.00   0.00
sdcg              0.00     0.00    0.00    0.00     0.00     0.00     0.00     0.00    0.00   0.00   0.00
sddm              0.00     0.00    0.00    0.00     0.00     0.00     0.00     0.00    0.00   0.00   0.00

pc7w3503-dr:/dev/mapper #

pc7w3503-dr:/dev/mapper # iostat -xN  1 2 | egrep '(36006016070504a0072ed1d5ebd00b27e|sdu|sdba|sdcg|sddm)'
sdu               0.00     0.00    3.67    0.16  6851.53   216.91  1847.09     0.20   51.10   2.41   0.92
sdba              0.00     0.00    3.66    0.16  6837.13   216.91  1847.07     0.20   51.22   2.42   0.92
sdcg              0.00     0.00    3.67    0.16  6848.79   217.08  1846.59     0.20   51.10   2.41   0.92
sddm              0.00     0.00    3.66    0.16  6832.51   217.04  1847.15     0.20   51.26   2.42   0.92
36006016070504a0072ed1d5ebd00b27e    41.16     1.14   14.66    0.62 27369.94   867.95  1847.15     0.99   64.94   0.64   0.98
sdu               0.00     0.00    0.00    0.00     0.00     0.00     0.00     0.00    0.00   0.00   0.00
sdba              0.00     0.00    0.00    0.00     0.00     0.00     0.00     0.00    0.00   0.00   0.00
sdcg              0.00     0.00    0.00    0.00     0.00     0.00     0.00     0.00    0.00   0.00   0.00
sddm              0.00     0.00    0.00    0.00     0.00     0.00     0.00     0.00    0.00   0.00   0.00

pc7w3503-dr:/dev/mapper # iostat -xdmN | head -3 ;  iostat -xdmN  1 2 | egrep '(36006016070504a0072ed1d5ebd00b27e|sdu|sdba|sdcg|sddm)'
Linux 3.0.101-108.90-default (pc7w3503-dr)      05/11/20        _x86_64_

Device:         rrqm/s   wrqm/s     r/s     w/s    rMB/s    wMB/s avgrq-sz avgqu-sz   await  svctm  %util
sdu               0.00     0.00    3.67    0.16     3.34     0.11  1847.09     0.20   51.09   2.41   0.92
sdba              0.00     0.00    3.66    0.16     3.34     0.11  1847.06     0.20   51.22   2.42   0.92
sdcg              0.00     0.00    3.67    0.16     3.34     0.11  1846.59     0.20   51.10   2.41   0.92
sddm              0.00     0.00    3.66    0.16     3.33     0.11  1847.14     0.20   51.26   2.42   0.92
36006016070504a0072ed1d5ebd00b27e    41.13     1.14   14.66    0.62    13.36     0.42  1847.15     0.99   64.94   0.64   0.98
sdu               0.00     0.00    0.00    0.00     0.00     0.00     0.00     0.00    0.00   0.00   0.00
sdba              0.00     0.00    0.00    0.00     0.00     0.00     0.00     0.00    0.00   0.00   0.00
sdcg              0.00     0.00    0.00    0.00     0.00     0.00     0.00     0.00    0.00   0.00   0.00
sddm              0.00     0.00    0.00    0.00     0.00     0.00     0.00     0.00    0.00   0.00   0.00
36006016070504a0072ed1d5ebd00b27e     0.00     0.00    0.00    0.00     0.00     0.00     0.00     0.00    0.00   0.00   0.00

